-1500
-1200
-1200
-1100
-1100
-900
-900
-700
-700
-600
-600
-600
-500
-400
-400
-400
-400
-400
-400
-300
-300
-300
-300
-200
-100
-100
-100
-100
-100
-100
-100
-100
-100
-100
0.344917610619469
0.3654239636363637
0.3654239636363637
0.3654239636363637
0.3654239636363637
0.3654239636363637
0.3731246851851852
0.3709831743119266
0.3709831743119266
0.3709831743119266
0.3769226481481482
0.3769226481481482
0.3776318703703704
0.3776318703703704
0.37763187037037044
0.37763187037037044
0.37763187037037044
0.3888293018867925
0.3888293018867925
0.3888293018867925
0.39407161904761906
0.39407161904761906
0.39876561904761904
0.39876561904761904
0.39956963809523804
0.40215063461538464
0.4067189230769231
0.41239005825242714
0.4067189230769231
0.4141495145631068
0.4141495145631068
0.42056794117647056
0.4141495145631068
0.4205469803921569
0.4171940980392157
0.4171940980392157
0.42056794117647056
0.4270922970297029
0.4270922970297029
0.4270922970297029
0.4270922970297029
0.4270922970297029
0.4270922970297029
0.4270922970297029
0.4270922970297029
0.4270922970297029
0.4270922970297029
0.4270922970297029
0.4270922970297029
0.4270922970297029
0.4270922970297029
0.4270922970297029
0.4270922970297029
0.4270922970297029
0.4270922970297029
0.4270922970297029
0.4270922970297029
0.4270922970297029
0.4270922970297029
0.4270922970297029
0.4270922970297029
0.4270922970297029
0.4270922970297029
0.4270922970297029
0.4270922970297029
0.4270922970297029
0.4270922970297029
0.4270922970297029
0.4270922970297029
0.4270922970297029
0.4270922970297029
0.4270922970297029
0.4270922970297029
0.4270922970297029
0.4270922970297029
0.4270922970297029
0.4270922970297029
0.4270922970297029
0.4270922970297029
0.4270922970297029
0.4270922970297029
0.4270922970297029
0.4270922970297029
0.4270922970297029
0.432928
0.432928
0.43623582
0.43623582
0.44006296969696973
0.45043783673469384
0.45043783673469384
0.45043783673469395
0.4517573673469388
0.45193636734693876
0.45193636734693876
0.4519363673469388
0.4519363673469388
0.45331622448979586
0.4533162244897959
0.4660922291666667
0.4660922291666667
0.46120028865979384
0.46120028865979384
0.4631891340206185
0.46812089583333333
0.4759951789473685
0.47750818947368423
0.47783978947368416
0.47783978947368416
0.4866357446808511
0.4866357446808511
0.4874692765957446
0.48780440425531907
0.48780440425531907
0.4878044042553192
0.4878044042553192
0.4878044042553192
0.4878044042553192
0.4878044042553192
0.4878044042553192
0.4878044042553192
0.4878044042553192
0.4878044042553192
0.4878044042553192
0.4955466451612903
0.4955466451612903
0.49555567741935486
0.49555567741935486
0.49555567741935486
0.49555567741935486
0.49555567741935486
0.49555567741935486
0.49555567741935486
0.49555567741935486
0.49555567741935486
0.49555567741935486
0.49555567741935486
0.49555567741935486
0.49555567741935486
0.49555567741935486
0.49555567741935486
0.5054106304347826
0.49555567741935486
0.49555567741935486
0.49555567741935486
0.49555567741935486
0.49555567741935486
0.49555567741935486
0.49555567741935486
0.49555567741935486
0.49555567741935486
0.49555567741935486
0.49555567741935486
0.49555567741935486
0.49555567741935486
0.49555567741935486
0.49555567741935486
0.49555567741935486
0.49555567741935486
0.5013067826086957
0.5017298913043478
0.5018607608695652
0.5017298913043478
0.5100674065934065
0.5104870989010989
0.5104870989010989
0.5111846813186813
0.5111846813186813
0.5111846813186813
0.5111846813186813
0.5111846813186813
0.5111846813186813
0.5111846813186813
0.5111846813186813
0.5111846813186813
0.5111846813186813
0.5111846813186813
0.5111846813186813
0.5111846813186813
0.5111846813186813
0.5111846813186813
0.5111846813186813
0.5111846813186813
0.5111846813186813
0.5111846813186813
0.5111846813186813
0.5111846813186813
0.5111846813186813
0.5111846813186813
0.5111846813186813
0.5111846813186813
0.5111846813186813
0.5111846813186813
0.5111846813186813
0.5111846813186813
0.5111846813186813
0.5111846813186813
0.5111846813186813
0.5128567032967033
0.5136251648351648
0.5128567032967033
0.5136283296703297
0.5136283296703297
0.5136283296703297
0.5136283296703297
0.5136283296703297
0.5136283296703297
0.5136283296703297
0.5136283296703297
0.5136283296703297
0.5136283296703297
0.5136283296703297
0.5136283296703297
0.5136283296703297
0.5136283296703297
0.5136283296703297
0.5136283296703297
0.5136283296703297
0.5136283296703297
0.5136283296703297
0.5136283296703297
0.5136283296703297
0.5136283296703297
0.5136283296703297
0.5136283296703297
0.5136283296703297
0.5136283296703297
0.5205475111111112
0.5205475111111112
0.5204441111111111
0.5204441111111111
0.5204441111111111
0.5204441111111111
0.5204441111111111
0.5204441111111111
0.5204441111111111
0.5204441111111111
0.5204441111111111
0.5204441111111111
0.5204441111111111
0.5204441111111111
0.5204441111111111
0.5204441111111111
0.5204441111111111
0.5204441111111111
0.5204441111111111
0.5204441111111111
0.5204441111111111
0.5204441111111111
0.5204441111111111
0.5204441111111111
0.5204441111111111
0.5204441111111111
0.5204441111111111
0.5204441111111111
0.5204441111111111
0.5204441111111111
0.5204441111111111
0.5204441111111111
0.5204441111111111
0.5204441111111111
0.5204441111111111
0.5204441111111111
0.5204441111111111
0.5204441111111111
0.5204441111111111
0.5204441111111111
0.5204441111111111
0.5204441111111111
0.5204441111111111
0.5204441111111111
0.5204441111111111
0.5204441111111111
0.5204441111111111
0.5204441111111111
0.5204441111111111
0.5204441111111111
0.5204441111111111
0.5204441111111111
0.5204441111111111
0.5204441111111111
0.5204441111111111
0.5204441111111111
0.5204441111111111
0.5204441111111111
0.5204441111111111
0.5204441111111111
0.5204441111111111
0.5204441111111111
0.5204441111111111
0.5204441111111111
0.5204441111111111
0.5204441111111111
0.5204441111111111
0.5204441111111111
0.5204441111111111
0.5204441111111111
0.5204441111111111
0.5204441111111111
0.5204441111111111
0.5204441111111111
0.5204441111111111
0.5204441111111111
0.5204441111111111
0.5204441111111111
0.5204441111111111
0.5204441111111111
0.5204441111111111
0.5204441111111111
0.5204441111111111
0.5204441111111111
0.5204441111111111
0.5204441111111111
0.5204441111111111
0.5204441111111111
0.5204441111111111
0.5204441111111111
0.5204441111111111
0.5204441111111111
0.5204441111111111
0.5204937333333334
0.5204937333333334
0.5204937333333334
0.5204937333333334
0.5204937333333334
0.5204937333333334
0.5355384318181818
0.5292813707865168
0.5292813707865168
0.5292813707865168
0.5350479318181818
0.5357486363636365
0.5367522727272728
0.5367522727272728
0.5373857272727274
0.5373857272727274
0.5386436818181818
0.5386436818181818
0.5386436818181818
0.5386436818181818
0.5386436818181818
0.5386436818181818
0.5386436818181818
0.5386436818181818
0.5386436818181818
0.5386436818181818
0.5386436818181818
0.5386436818181818
0.5386436818181818
0.5386436818181818
0.5386436818181818
0.5386436818181818
0.5386436818181818
0.5386436818181818
0.5386436818181818
0.5386436818181818
0.5386436818181818
0.5386436818181818
0.5386436818181818
0.5386436818181818
0.5386436818181818
0.5386436818181818
0.5386436818181818
0.5386436818181818
0.5386436818181818
0.5386436818181818
0.5386436818181818
0.5386436818181818
0.5386436818181818
0.5386436818181818
0.5386436818181818
0.5386436818181818
0.5386436818181818
0.5386436818181818
0.5386436818181818
0.5386436818181818
0.5448124827586207
0.5448124827586207
0.5448124827586207
0.5448124827586207
0.5465295862068965
0.5465295862068965
0.5465295862068965
0.5465295862068965
0.5465295862068965
0.5465295862068965
0.5465295862068965
0.5465295862068965
0.5465295862068965
0.5465295862068965
0.5465295862068965
0.5465295862068965
0.5465295862068965
0.5465295862068965
0.5465295862068965
0.5465295862068965
0.5471847356321838
0.5471847356321838
0.5471847356321838
0.5471847356321838
0.5471847356321838
0.5471847356321838
0.5548363953488372
0.5656982823529412
0.5656982823529413
0.5656982823529412
0.5656982823529412
0.5656982823529412
0.5656982823529413
0.5656982823529413
0.5710332235294118
0.5886386746987952
0.5886872530120482
0.5886872530120482
0.5886872530120482
0.5886872530120482
0.5886872530120482
0.5886872530120482
0.5886872530120482
0.5886872530120482
0.5886872530120482
0.5886872530120482
0.5886872530120482
0.5886872530120482
0.5886872530120482
0.5886872530120482
0.5886872530120482
0.5886872530120482
0.5886872530120482
0.5886872530120482
0.5886872530120482
0.5886872530120482
0.5886872530120482
0.5886872530120482
0.5886872530120482
0.5886872530120482
0.5886872530120482
0.5886872530120482
0.5886872530120482
0.5886872530120482
0.5886872530120482
0.5886872530120482
0.5886872530120482
0.5886872530120482
0.5886872530120482
0.5886872530120482
0.5886872530120482
0.5886872530120482
0.5886872530120482
0.5886872530120482
0.5886872530120482
0.5886872530120482
0.5886872530120482
0.5886872530120482
0.5886872530120482
0.5886872530120482
0.5886872530120482
0.5886872530120482
0.5886872530120482
0.5886872530120482
0.5886872530120482
0.5886872530120482
0.5886872530120482
0.5886872530120482
0.5886872530120482
0.5886872530120482
0.5886872530120482
0.5886872530120482
0.5886872530120482
0.5886872530120482
0.5886872530120482
0.5886872530120482
0.5886872530120482
0.5886872530120482
0.5886872530120482
0.5887777590361446
0.5891937590361446
0.5915008674698795
0.5915008674698795
0.5915008674698795
0.5915008674698795
0.5915008674698795
