-1898.0
-1585.0
-1447.0
-1369.0
-1265.0
-1170.0
-1077.0
-1011.0
-928.0
-908.0
-784.0
-746.0
-672.0
-652.0
-590.0
-556.0
-516.0
-507.0
-475.0
-443.0
-429.0
-406.0
-397.0
-343.0
-294.0
-254.0
-233.0
-203.0
-218.0
-189.0
-209.0
-187.0
-203.0
-157.0
-113.95192737999068
-104.9132556045469
-61.83321965181918
-55.794139044098074
-62.771038608619584
-41.72789002851077
-10.663800269609117
-21.66722486572897
-0.6411617399100288
-26.665722210181023
-14.648340086976903
-16.64850257960014
-7.641569648831587
-16.65143278698607
-9.634961279504033
-1.6266339488888883
-9.633782062407409
-3.6329230655345923
-6.629122706765816
-15.642223851922552
-17.63935488471747
0.386244048439466
0.3896856879178275
-8.616026392782612
-47.660823845028375
-10.624159530321343
-15.617319345935163
-19.623150736574882
-10.610648060663625
-22.61707088741654
-8.61140760307655
-18.61686645809267
-3.600878761834102
-21.60973735889692
-20.621190077217012
-11.60791639828846
-1.588350815503356
-2.585942673888282
-11.592965599755821
-13.603248757552237
0.42447420318529483
-0.5780960218302647
-18.594375224356426
-0.5771786259405941
-27.611390297623757
-8.594433651860037
-9.590130426870507
-0.5771786259405941
-40.62842970158415
-8.59433911549796
-21.598594251801586
-32.628490712593674
-29.603254418769712
-19.59867107308276
-19.598671073082752
-7.585720471881186
-12.585720471881181
-10.589991394851484
-14.585720471881183
-13.585788565047556
-7.5814495489108875
-10.58999139485148
-23.602804163762375
-14.585844230773809
-18.594262317821777
-6.585720471881186
-29.615616932673266
-4.589991394851484
-10.589991394851484
-13.594262317821777
-28.61561693267327
-27.607075086732674
-5.581449548910889
-19.598533240792076
-0.577178625940594
0.42709229702970297
-17.58999139485148
-7.585720471881186
-19.594262317821773
-17.598533240792072
0.4270829552475247
-13.58572514277227
-12.594266988712866
-23.602865667722778
-81.6539464220244
-54.654073900237215
-13.60582331733413
-25.601047049514424
-24.597904576052528
-13.594309466976188
-3.5695528435571244
-9.570862526148831
-13.572203826775551
-7.56005202263863
-21.581044282302614
-11.562256758979593
-2.5531002302367347
-12.566095068571428
-24.58404390755102
-18.592771283784014
-18.579139120361393
-26.58290011941511
-11.569024667935857
-7.562531535386073
-7.549939778588129
-22.56528081521806
-28.576450098234954
-27.584762524599775
-8.558116708573106
-24.56377385665173
-11.54202200244567
-2.5256507157806074
-11.53347395451512
-8.530171965498317
-16.543204182851063
-20.542399807054878
-15.541538684042555
-13.541490400212767
-2.5219595617021286
-17.54146476531915
-3.5219516838297875
-28.541463859999993
-21.536585815957448
-47.57073212425532
-12.526662140056139
-1.5204806580576533
-23.53263636794785
-15.530544609986272
-34.53968059621826
-4.509480914667123
-16.524267723870967
-4.514355616774192
0.49555567741935486
-17.529222106451613
-34.53913322
-11.524266549677417
-9.519310992903224
-24.529222106451613
-26.534177663225805
-16.529222106451613
-29.554156504296497
-20.538936120939688
0.49515955074825413
-20.539133219999993
-30.54904433354838
-9.524266549677417
-29.563911003870963
-18.539297903932088
-25.549044333548387
-11.524266549677417
-17.524266549677417
-12.519310992903224
-6.509399879354838
-24.534177663225805
-5.514355436129031
-9.519310992903224
-40.56424295329822
-34.554799706915354
-5.514725991253742
-7.514182902973351
-16.523316755238426
-25.538005882476845
-5.518512791379945
-6.51102039508875
-12.523330554918031
-28.541367263719383
-17.528310875881925
-17.52127007240225
-18.51068931513955
-6.5043950129670325
-43.550199335384605
-2.493934141318682
-40.53482194
-4.504271362455805
-11.504150859120882
0.5111846813186814
-0.49392716549450527
-10.504150859120882
-9.504244479412325
-4.499399903752456
-4.50415085912088
-7.499039012307691
-16.50979254315542
-37.53482193999999
-11.509262705934068
-5.4990390123076915
-16.504150859120884
-5.4990390123076915
-4.493927165494504
-5.499039012307693
-32.53482193999999
-2.499039012307692
-6.4939271654945045
-26.51437455274725
-18.514374552747253
-4.499157696294792
-36.545702790496506
-15.530307966744658
-27.524522427032963
-10.504047007312472
-11.514273630109892
-11.503702421758247
-20.50832264703297
-28.52817032175824
-13.507230858021973
-8.496675291868126
-3.49151566989011
-20.50691680351649
-15.512053086813182
-4.491790639238867
-21.51205308681319
-5.5017805202197785
0.5136283296703299
-4.491507953626373
-30.527461936703304
-16.506916803516482
-1.4916514032274253
-1.4915079536263738
-21.51718937010989
-28.532598220000004
-13.50691680351648
0.5136283296703299
-3.4966442369230775
-7.496644236923076
-21.512053086813193
-0.491591091923077
-13.507284779577974
-23.506640036258855
-17.516570779780217
-21.526644042930407
-13.501186969150174
0.5149914859584861
-2.488577167606838
-31.527827172991454
-29.52694112140416
-10.50050996896215
-14.500373653333332
-21.51598697666667
-32.53697516635266
-17.50557809444444
-46.532074646584796
-30.52692508103093
0.520312340869565
-11.500373653333332
-18.50557809444444
-17.505578094444445
-6.489964771111111
-30.51598697666667
-28.521191417777782
-24.521393349106287
-25.516407736738362
-2.484760330000002
-14.50557809444444
-8.505578094444443
-35.53680474111112
-20.522004109787243
-15.50557809444444
-5.489965987555555
-9.489965987555554
0.5204428946666666
0.520444111111111
-16.50037365333333
-36.52141745193237
-10.500373653333327
-6.495169212222222
-6.495660755519712
-13.500484563675213
-14.500373653333332
-10.489964771111106
0.520444111111111
-2.484760330000002
-24.511170266153194
-34.53160030000001
-37.526395858888904
-11.496055433391813
-4.484760330000002
-13.500373653333334
-5.495169212222222
-17.500373653333337
-10.500373653333332
-1.4900696350793634
-6.50037365333333
-2.48996477111111
-3.489964771111114
0.520444111111111
-6.489964771111113
-3.489964771111114
-42.52639585888889
-34.52119141777779
-20.510782535555563
-13.495169212222223
-19.510782535555553
-6.489968945777778
-22.505578094444445
-61.56282694666666
-54.55762250555556
-31.531600300000004
-5.489964771111111
0.520348424285714
-5.49516921222222
-6.48996477111111
0.520444111111111
-16.505578094444445
-8.490630549773245
-17.50624387310658
-7.495373772681159
-4.484760330000001
-10.500373653333332
-9.500373653333327
-1.4847603299999994
-20.50557809444445
-4.484760330000002
-20.51143743309693
-31.51657108917175
-39.52119141777778
-37.54200918222223
-20.515986976666678
-29.537483662473118
-21.521191417777782
-19.510782535555553
-28.506180255825065
-37.53679729777778
-12.500701006000002
-11.49628929068131
0.5204843051111112
-7.489919118666666
-13.500215374735621
-18.505106750513796
-22.50532899721143
-7.487983667071162
-7.485709446380547
-8.484013908490468
-19.492325214370958
-6.478690940836569
-2.475945094361593
-1.468971596470888
-5.4683890468181815
-8.473414861590909
-12.483771397272728
-3.4727408668181825
-6.478122172529644
-11.483285823132942
-2.466742754999999
-1.4667427550000012
-28.504557925949953
-16.482902065454542
-8.472129191818185
-10.488288502272725
-14.48828850227273
-6.4721291918181825
-14.47212919181818
-2.4667427550000003
-3.4673536619649226
-4.466948574262624
-18.488494321535352
-5.472428545868232
-17.499460514642486
-23.515220686363644
-8.47812698649506
-2.4721291918181834
-12.482902065454544
-57.53711800958499
-20.494856421635973
-19.488288502272727
-41.527851328412
-29.536766433636366
-23.520980084999998
-3.47212919181818
-19.482902065454546
-4.477515628636364
-22.49367493909092
-20.493674939090912
-33.510178728972335
-25.521150282765966
-7.4775156286363655
-6.4775156286363655
-25.488041750235112
-51.541782742398134
-21.49311974700627
-0.46623566228593555
-24.486821343730412
-9.480472146969925
-32.50166713720853
-24.49467979794323
-7.470473645141066
-49.519071135172425
-17.480796893103456
-9.469866301379314
-7.4644010055172405
-4.458935709655175
-3.458935709655174
-20.491841517280562
-22.492039890022998
-13.475436610830727
-34.48079689310346
-49.51358866827587
-3.464618652252875
-18.48070483333334
-25.486086315172415
-6.464022938620688
-3.458342798850574
-22.480176873103456
-13.474550298299926
-4.463020419693912
-36.49546718397837
-23.489062445765644
-17.48213958851726
-9.456040642264918
-19.469951629610076
0.5593992408420837
-1.4426528352624808
0.5653861137468497
-7.443872910164421
-18.451776713919706
-18.461482723572452
-16.456324242437784
-7.427591199736155
-4.418618555223153
0.5881616453614456
-37.46429459975903
-19.452520854698797
-19.440747109638554
-9.434860237108435
-4.428973364578313
-27.440747109638547
-24.452520854698786
-34.44663398216867
-8.423086492048196
-10.428973364578315
-24.44074710963855
-3.423086492048193
-26.44663398216867
-14.441148046536494
-10.423265953284197
-34.458407727228916
-10.428973364578315
-20.440747109638554
-17.440747109638558
-7.434860237108436
-28.452520854698786
-20.43486023710844
-30.458407727228913
-4.4174162435776045
-19.44096785440397
-1.4171996195180736
-16.429858197108437
-2.417199619518073
-7.428973364578314
0.5886872530120479
-9.423086492048194
-27.45252085469879
-17.435208149219097
-9.440747109638556
-6.428973364578314
-19.440747109638554
-21.44663398216867
-24.470181472289152
-21.464294599759032
-31.464294599759032
-19.446633982168677
-33.47018147228915
-2.417199619518073
-13.440747109638556
-24.452683122993616
-39.481955217349395
-16.440747109638558
-24.446992488884835
-32.458407727228916
-21.44663398216867
-8.417199619518074
-56.458407727228916
-24.45840772722891
-13.44074710963856
-32.46429459975903
-47.48784208987954
-24.446629456867463
-6.428940720000001
-14.428800039277107
-19.43490844696462
-10.439722380722891
-4.415248652048192
-10.432745517831322
