-1900.0
-1600.0
-1400.0
-1300.0
-1200.0
-1100.0
-1100.0
-1000.0
-900.0
-900.0
-800.0
-700.0
-700.0
-650.0
-600.0
-500.0
-500.0
-500.0
-400.0
-400.0
-400.0
-400.0
-400.0
-300.0
-300.0
-300.0
-200.0
-200.0
-200.0
-200.0
-200.0
-200.0
-200.0
-150.0
-100.0
-100.0
-100.0
0.3404273771929825
0.34818286725663716
0.34999255357142856
0.3570321981981982
0.3598132909090909
0.3637098727272728
0.3643764545454546
0.36642027522935783
0.3709831743119266
0.373393962962963
0.37506735185185186
0.37714187037037045
0.3776318703703704
0.37763187037037044
0.37763187037037044
0.37763187037037044
0.37763187037037044
0.38279456074766355
0.3877458018867925
0.3888293018867925
0.39407161904761906
0.3941132
0.39453853333333333
0.3975813714285715
0.4008609364468865
0.40215063461538464
0.40215063461538464
0.40371705769230776
0.40371705769230776
0.4057876538461539
0.41239005825242714
0.4141495145631068
0.4141495145631068
0.41414951456310684
0.41879123529411766
0.42038163725490196
0.42056794117647056
0.4270922970297029
0.4270922970297029
0.4270922970297029
0.4270922970297029
0.4270922970297029
0.4270922970297029
0.4270922970297029
0.4270922970297029
0.4270922970297029
0.4270922970297029
0.4270922970297029
0.4270922970297029
0.4270922970297029
0.4270922970297029
0.4270922970297029
0.4270922970297029
0.4270922970297029
0.4270922970297029
0.4270922970297029
0.4270922970297029
0.4270922970297029
0.4270922970297029
0.4270922970297029
0.4270922970297029
0.4270922970297029
0.4270922970297029
0.4270922970297029
0.4270922970297029
0.4270922970297029
0.4270922970297029
0.4270922970297029
0.4270922970297029
0.4270922970297029
0.4270922970297029
0.4270922970297029
0.4270922970297029
0.4270922970297029
0.4270922970297029
0.4270922970297029
0.4270922970297029
0.4270922970297029
0.4270922970297029
0.4270922970297029
0.4270922970297029
0.4270922970297029
0.4270922970297029
0.4270922970297029
0.4270922970297029
0.432928
0.43623582
0.44006296969696973
0.44178509090909085
0.44737610204081624
0.45043783673469384
0.45043783673469395
0.45181769387755094
0.45193636734693876
0.4519363673469388
0.4519363673469388
0.4519363673469388
0.4519363673469388
0.45331622448979586
0.45331622448979586
0.45340306122448976
0.46111255670103096
0.46259756701030935
0.4631891340206185
0.4682095416666667
0.4718295416666667
0.4767516842105264
0.47750818947368423
0.47783978947368416
0.47783978947368416
0.4866810106382979
0.4875598085106383
0.48755980851063835
0.48780440425531907
0.48780440425531907
0.4878044042553192
0.4878044042553192
0.4878044042553192
0.4878044042553192
0.4878044042553192
0.4878044042553192
0.4878044042553192
0.4878044042553192
0.4955466451612903
0.4955466451612903
0.4955466451612903
0.49555567741935486
0.49555567741935486
0.49555567741935486
0.49555567741935486
0.49555567741935486
0.49555567741935486
0.49555567741935486
0.49555567741935486
0.49555567741935486
0.49555567741935486
0.49555567741935486
0.49555567741935486
0.49555567741935486
0.49555567741935486
0.49555567741935486
0.49555567741935486
0.49555567741935486
0.49555567741935486
0.49555567741935486
0.49555567741935486
0.49555567741935486
0.49555567741935486
0.49555567741935486
0.49555567741935486
0.49555567741935486
0.49555567741935486
0.49555567741935486
0.49555567741935486
0.49555567741935486
0.49555567741935486
0.49555567741935486
0.49555567741935486
0.49555567741935486
0.49555567741935486
0.49596634408602147
0.5014456304347826
0.5017298913043478
0.5100674065934065
0.5104870989010989
0.5104870989010989
0.5111846813186813
0.5111846813186813
0.5111846813186813
0.5111846813186813
0.5111846813186813
0.5111846813186813
0.5111846813186813
0.5111846813186813
0.5111846813186813
0.5111846813186813
0.5111846813186813
0.5111846813186813
0.5111846813186813
0.5111846813186813
0.5111846813186813
0.5111846813186813
0.5111846813186813
0.5111846813186813
0.5111846813186813
0.5111846813186813
0.5111846813186813
0.5111846813186813
0.5111846813186813
0.5111846813186813
0.5111846813186813
0.5111846813186813
0.5111846813186813
0.5111846813186813
0.5111846813186813
0.5111846813186813
0.5111846813186813
0.5111846813186813
0.5111878461538462
0.5111878461538462
0.5128567032967033
0.5136283296703297
0.5136283296703297
0.5136283296703297
0.5136283296703297
0.5136283296703297
0.5136283296703297
0.5136283296703297
0.5136283296703297
0.5136283296703297
0.5136283296703297
0.5136283296703297
0.5136283296703297
0.5136283296703297
0.5136283296703297
0.5136283296703297
0.5136283296703297
0.5136283296703297
0.5136283296703297
0.5136283296703297
0.5136283296703297
0.5136283296703297
0.5136283296703297
0.5136283296703297
0.5136283296703297
0.5136283296703297
0.5136283296703297
0.5136283296703297
0.5136283296703297
0.5136283296703297
0.5204441111111111
0.5204441111111111
0.5204441111111111
0.5204441111111111
0.5204441111111111
0.5204441111111111
0.5204441111111111
0.5204441111111111
0.5204441111111111
0.5204441111111111
0.5204441111111111
0.5204441111111111
0.5204441111111111
0.5204441111111111
0.5204441111111111
0.5204441111111111
0.5204441111111111
0.5204441111111111
0.5204441111111111
0.5204441111111111
0.5204441111111111
0.5204441111111111
0.5204441111111111
0.5204441111111111
0.5204441111111111
0.5204441111111111
0.5204441111111111
0.5204441111111111
0.5204441111111111
0.5204441111111111
0.5204441111111111
0.5204441111111111
0.5204441111111111
0.5204441111111111
0.5204441111111111
0.5204441111111111
0.5204441111111111
0.5204441111111111
0.5204441111111111
0.5204441111111111
0.5204441111111111
0.5204441111111111
0.5204441111111111
0.5204441111111111
0.5204441111111111
0.5204441111111111
0.5204441111111111
0.5204441111111111
0.5204441111111111
0.5204441111111111
0.5204441111111111
0.5204441111111111
0.5204441111111111
0.5204441111111111
0.5204441111111111
0.5204441111111111
0.5204441111111111
0.5204441111111111
0.5204441111111111
0.5204441111111111
0.5204441111111111
0.5204441111111111
0.5204441111111111
0.5204441111111111
0.5204441111111111
0.5204441111111111
0.5204441111111111
0.5204441111111111
0.5204441111111111
0.5204441111111111
0.5204441111111111
0.5204441111111111
0.5204441111111111
0.5204441111111111
0.5204441111111111
0.5204441111111111
0.5204441111111111
0.5204441111111111
0.5204441111111111
0.5204441111111111
0.5204441111111111
0.5204441111111111
0.5204441111111111
0.5204441111111111
0.5204441111111111
0.5204441111111111
0.5204441111111111
0.5204441111111111
0.5204441111111111
0.5204441111111111
0.5204441111111111
0.5204937333333334
0.5204937333333334
0.5204937333333334
0.5204937333333334
0.5204937333333334
0.5204937333333334
0.525589393258427
0.5265817528089888
0.5273096516853932
0.5342804772727273
0.5362391363636363
0.5367522727272728
0.5367522727272728
0.5373857272727274
0.5373857272727274
0.5380102272727272
0.5386436818181818
0.5386436818181818
0.5386436818181818
0.5386436818181818
0.5386436818181818
0.5386436818181818
0.5386436818181818
0.5386436818181818
0.5386436818181818
0.5386436818181818
0.5386436818181818
0.5386436818181818
0.5386436818181818
0.5386436818181818
0.5386436818181818
0.5386436818181818
0.5386436818181818
0.5386436818181818
0.5386436818181818
0.5386436818181818
0.5386436818181818
0.5386436818181818
0.5386436818181818
0.5386436818181818
0.5386436818181818
0.5386436818181818
0.5386436818181818
0.5386436818181818
0.5386436818181818
0.5386436818181818
0.5386436818181818
0.5386436818181818
0.5386436818181818
0.5386436818181818
0.5386436818181818
0.5386436818181818
0.5386436818181818
0.5386436818181818
0.5386436818181818
0.5386436818181818
0.5386436818181818
0.5386436818181818
0.5386436818181818
0.5448124827586207
0.5465295862068965
0.5465295862068965
0.5465295862068965
0.5465295862068965
0.5465295862068965
0.5465295862068965
0.5465295862068965
0.5465295862068965
0.5465295862068965
0.5465295862068965
0.5465295862068965
0.5465295862068965
0.5465295862068965
0.5465295862068965
0.5465295862068965
0.5471508505747126
0.5471847356321838
0.5471847356321838
0.5471847356321838
0.5471847356321838
0.5471847356321838
0.5471847356321838
0.5472707816091954
0.5563389999999999
0.5564157906976743
0.5564157906976744
0.5656982823529412
0.5656982823529413
0.5656982823529413
0.5656982823529413
0.5676153882352941
0.5777772142857143
0.5886872530120482
0.5886872530120482
0.5886872530120482
0.5886872530120482
0.5886872530120482
0.5886872530120482
0.5886872530120482
0.5886872530120482
0.5886872530120482
0.5886872530120482
0.5886872530120482
0.5886872530120482
0.5886872530120482
0.5886872530120482
0.5886872530120482
0.5886872530120482
0.5886872530120482
0.5886872530120482
0.5886872530120482
0.5886872530120482
0.5886872530120482
0.5886872530120482
0.5886872530120482
0.5886872530120482
0.5886872530120482
0.5886872530120482
0.5886872530120482
0.5886872530120482
0.5886872530120482
0.5886872530120482
0.5886872530120482
0.5886872530120482
0.5886872530120482
0.5886872530120482
0.5886872530120482
0.5886872530120482
0.5886872530120482
0.5886872530120482
0.5886872530120482
0.5886872530120482
0.5886872530120482
0.5886872530120482
0.5886872530120482
0.5886872530120482
0.5886872530120482
0.5886872530120482
0.5886872530120482
0.5886872530120482
0.5886872530120482
0.5886872530120482
0.5886872530120482
0.5886872530120482
0.5886872530120482
0.5886872530120482
0.5886872530120482
0.5886872530120482
0.5886872530120482
0.5886872530120482
0.5886872530120482
0.5886872530120482
0.5886872530120482
0.5886872530120482
0.5886872530120482
0.5891937590361446
0.5915008674698795
0.5915008674698795
