-2800
-2400
-1900
-1900
-1700
-1600
-1500
-1400
-1300
-1300
-1200
-1100
-1000
-900
-800
-900
-1000
-900
-900
-800
-1000
-800
-800
-800
-700
-700
-900
-500
-900
-400
-700
-700
-900
-600
-600.0
-600.0
-400.0
-400.0
-700.0
-600.0
-300.0
-700.0
-100.0
-500.0
-600.0
-500.0
-300.0
-600.0
-500.0
-200.0
-600.0
-200.0
-400.0
-500.0
-500.0
0.3762696296296297
0.37816666666666665
-500.0
-600.0
-500.0
-700.0
-600.0
-400.0
-800.0
-500.0
-400.0
-300.0
-700.0
-500.0
-400.0
-200.0
-300.0
-500.0
-400.0
0.4091250769230769
-100.0
-400.0
-100.0
-500.0
-300.0
-500.0
-100.0
-600.0
-300.0
-500.0
-400.0
-900.0
-400.0
-400.0
-400.0
-600.0
-300.0
-700.0
-600.0
-400.0
-400.0
-600.0
-600.0
-500.0
-300.0
-600.0
-200.0
-500.0
-400.0
-600.0
-500.0
-400.0
-500.0
-100.0
0.4270922970297029
-600.0
-300.0
-500.0
-500.0
0.42662520792079206
-600.0
-500.0
-600.0
-800.0
-500.0
-300.0
-500.0
-600.0
-300.0
-300.0
-400.0
-400.0
-400.0
-400.0
-500.0
-300.0
-500.0
-400.0
-500.0
-500.0
-700.0
-300.0
-300.0
-400.0
-600.0
-500.0
-600.0
-300.0
-500.0
-400.0
-300.0
-700.0
-500.0
-400.0
-600.0
-600.0
-500.0
-200.0
-500.0
-200.0
-700.0
-500.0
-600.0
-500.0
-100.0
-900.0
-500.0
-700.0
-500.0
-500.0
-400.0
0.49555567741935486
-600.0
-800.0
-500.0
-600.0
-700.0
-600.0
-500.0
-600.0
-600.0
0.45594301030927836
-500.0
-700.0
-300.0
-600.0
-500.0
-700.0
-500.0
-500.0
-500.0
-700.0
-700.0
-400.0
-500.0
-700.0
-600.0
-400.0
-400.0
-600.0
-700.0
-400.0
-500.0
-400.0
-700.0
-400.0
-500.0
-900.0
-300.0
-600.0
-300.0
-700.0
-200.0
-500.0
0.5111846813186813
-100.0
-600.0
-500.0
-400.0
-200.0
-400.0
-600.0
-600.0
-500.0
-400.0
-600.0
-500.0
-500.0
-400.0
-600.0
-200.0
-700.0
-700.0
-500.0
-300.0
-600.0
-400.0
-700.0
-600.0
-500.0
-600.0
-600.0
-600.0
-600.0
-600.0
-400.0
-700.0
-600.0
-500.0
-600.0
-400.0
0.5136283296703297
-500.0
-700.0
-600.0
-200.0
-200.0
-600.0
-500.0
-500.0
0.5136283296703297
-200.0
-400.0
-700.0
-100.0
-500.0
-700.0
-400.0
-600.0
-600.0
0.5136283296703297
-300.0
-600.0
-400.0
-500.0
-500.0
-400.0
-400.0
-400.0
-800.0
-500.0
0.5072670869565217
-400.0
-500.0
-500.0
-400.0
-700.0
-800.0
-800.0
-700.0
-300.0
-400.0
-300.0
-800.0
-500.0
-500.0
-300.0
-500.0
0.5203224666666666
0.5204441111111111
-600.0
-700.0
-400.0
-300.0
-400.0
-600.0
-700.0
-600.0
0.5204441111111111
-300.0
-500.0
-500.0
-800.0
-600.0
-500.0
-500.0
-400.0
-700.0
-500.0
-100.0
-200.0
-200.0
-300.0
0.5204441111111111
-400.0
-300.0
-800.0
-800.0
-600.0
-500.0
-500.0
-400.0
-700.0
-700.0
-800.0
-500.0
-300.0
0.5108754285714285
-300.0
-500.0
0.5204441111111111
-600.0
-500.0
-500.0
-400.0
-500.0
-500.0
-600.0
-200.0
-800.0
-500.0
-600.0
-700.0
-900.0
-800.0
-500.0
-600.0
-500.0
-400.0
-900.0
-500.0
-400.0
-600.0
0.5204441111111111
-400.0
-500.0
-600.0
-500.0
-500.0
-500.0
-700.0
-800.0
-400.0
-200.0
-200.0
-600.0
-700.0
-500.0
-300.0
-500.0
-400.0
-300.0
-200.0
-800.0
-600.0
-600.0
-300.0
-600.0
-400.0
-800.0
-300.0
-400.0
-500.0
-700.0
-400.0
-400.0
-600.0
-400.0
-200.0
-600.0
-700.0
-400.0
-500.0
-500.0
-400.0
-500.0
-300.0
-600.0
-200.0
-1000.0
-600.0
-600.0
-400.0
-300.0
-400.0
-800.0
-600.0
-600.0
-100.0
-600.0
-400.0
-500.0
-700.0
-500.0
-700.0
-400.0
-500.0
-500.0
-500.0
-400.0
-700.0
-500.0
-500.0
-1000.0
-800.0
-300.0
-500.0
-600.0
-400.0
-400.0
-1000.0
-500.0
-400.0
-800.0
-600.0
-600.0
-600.0
-800.0
0.504482
-200.0
0.5472707816091953
-500.0
-800.0
-400.0
-600.0
-600.0
-500.0
0.5777772142857143
-800.0
-600.0
-600.0
-400.0
-300.0
-800.0
-600.0
-1200.0
-600.0
-600.0
-700.0
-300.0
-700.0
-400.0
-600.0
-600.0
-700.0
-600.0
-600.0
-400.0
-600.0
-600.0
-800.0
-500.0
-600.0
-200.0
-800.0
-300.0
-300.0
0.5886872530120482
-500.0
-700.0
-700.0
-300.0
-300.0
-700.0
-600.0
-500.0
-600.0
-900.0
-500.0
-700.0
-300.0
-400.0
-500.0
-800.0
-600.0
-800.0
-600.0
-500.0
-900.0
-1200.0
-700.0
-400.0
-600.0
-700.0
-700.0
-300.0
-800.0
-700.0
-300.0
-500.0
-300.0
