254.15743152620976
223.77444000600246
163.98475538903
183.13656106850974
163.32482971061074
136.01470508735443
127.94920867281672
142.05280708243677
128.12493902437572
149.45233353815524
126.26955294131677
119.5156893466293
116.68761716651858
109.98181667894016
97.46794344808964
113.4195750300626
109.288608738514
109.77704678119193
106.18380290797651
94.07975340103735
116.87172455303293
96.76776322722355
107.19608201795437
89.72736483370053
99.81983770774224
104.32641084595981
129.6572404457229
79.31582439841371
107.12609392673663
54.58021619598075
124.97599769555752
70.22107945624305
114.41590798486021
71.07038764492565
88.40234586363862
101.45560067687086
76.00467715130368
82.98846866490739
124.73923764500012
102.26866282732891
48.85083069685465
100.6511326352225
9.985940252978851
96.89716581247339
79.2814920608291
78.88572388750116
44.06518185530367
74.9857349114547
64.08825868929024
19.93727348553934
65.63024079412767
24.226860940400673
49.56001509374416
70.39500709992743
76.73976510685544
0.004508465599858754
0.004513450381552502
63.45009496119218
130.10987528686738
59.89387224854324
86.92670419626437
88.40295836299714
63.14721245792914
108.57542294255153
55.00909898889014
75.85228060561779
31.419679481554525
101.65224834363988
79.21440852410389
60.542696669327114
19.9411214440532
29.891237637094175
69.75509989882451
60.125860441201475
0.0034688195532407698
9.992277643206583
83.39317958438568
9.99236951806916
91.8573735707909
42.735334960979166
57.51699220422505
9.992369518069157
124.29597497423518
45.014559395787614
89.07116333563843
90.74987733814308
129.32059620482627
81.33918760164154
82.55945396921565
48.400762189430026
77.08292013020102
54.66285021633931
89.93016009054708
82.55666676265845
56.05979292158416
59.90014352047869
98.19917145724372
86.52993689752445
84.58384418016661
43.09066281065448
107.34560727269803
26.05968323890688
59.90014352047871
63.36694185040747
108.08011211416127
102.16661499902634
44.37371046697067
84.94744821458701
9.992369518069157
5.551115123125783e-17
89.94869267669223
46.28859233674923
89.5334472231415
76.74935238249968
6.53924752475199e-05
82.55667752491438
65.89049796797765
96.140908667414
188.50140816428066
130.81697117405645
53.05704918601342
97.6972750481487
96.41118692559353
56.70424813296845
31.423675548590552
57.520330859520755
70.82362554596597
56.06284979576587
82.06367811056994
72.57073628303795
29.89453830181812
70.30141800237712
87.72578212869618
68.9528325841945
77.16868566808527
112.22093621941104
55.3746620222847
44.079558567186155
56.06429452890253
96.90721956267723
95.3078364249137
100.1961811253989
40.33567209316378
93.25678466530286
60.55576126891026
29.89729720491225
77.8922549118493
58.54454500793757
72.29484344406396
88.759408408325
77.19251374518849
64.93729042548173
22.22325148034333
75.44879514579746
28.06829261659575
122.00659210336511
97.65450080191835
145.38650158774277
75.78465356448068
14.06850308942938
117.67091809260918
74.55893092206279
133.06854741506575
49.798670884283815
85.01284801392279
40.98611053890203
0.0
83.02385000107282
137.50373326408436
63.77638303403723
67.15371118848853
116.18326282003929
112.23265236391781
80.16868536538156
98.62440213867224
87.62636980646204
0.00394141061248127
84.1330636059359
114.74745907403646
50.09515045493866
95.53110107464002
79.72780354349784
112.01548914004329
66.83881382029631
88.8433218329217
75.78591597671374
69.6984277648053
104.39494703908292
44.38279563124507
60.90665748821659
128.27610058784873
115.35244286339059
44.38274560718323
56.06940245100998
87.33393786390023
109.30708927857754
42.068812973240924
53.458868383155
61.18337506758982
112.63046444161746
69.94996480680831
76.76749909746815
105.6295593502955
40.71788386637077
126.90000018790882
29.900484645777784
138.77019133153505
29.664202133743814
72.58035535525885
1.1102230246251565e-16
10.00073660466154
69.20922109960416
60.90913488568509
40.98793881312974
29.664222483040803
56.07156585538461
90.70654383203372
128.80751117008222
65.32830725920482
44.38486964635544
97.09720116926358
50.69533167387274
49.80023408892633
44.38486964635544
114.200364067856
22.22635569763543
69.69998283105873
123.27707080542643
84.60180955044684
35.77727691812828
118.1720928042525
64.49069188851487
112.43951156511145
72.04108948658381
65.32740504878794
77.89684692211118
104.30561117535251
109.93809840348756
77.57452967251812
66.54370755290688
39.850602082361455
107.14345348509285
82.21694978767988
49.80044889731532
98.67868156470333
42.07120524475783
2.220446049250313e-16
49.80047722886741
112.10850447954112
90.70708329088961
19.950839749491752
19.950854115668804
92.39728646896621
101.42056453013659
70.83654748758921
2.220446049250313e-16
28.071907966153848
56.07190796615385
102.65223911512169
10.000971423096864
72.23438343462601
118.52295736240453
76.76860278158847
85.65539767549116
86.12766375203373
0.002726312576312573
29.901023230758312
108.65652818930738
98.63268053063565
61.562969202446446
76.74633015007034
84.48262665274798
99.20476873507536
80.58419233663919
148.10472421131226
105.6804277372583
0.0013110973492266968
60.56402755286009
89.2065070404596
85.40381756425447
49.579691428054204
118.19063601050466
118.68778721173231
102.46438530150395
102.70912524614337
29.90140664842576
67.00630957689823
42.75409290639269
124.64901353816211
81.72573479343404
77.19996351635302
42.07286200177952
70.07286200177883
1.2103469401610469e-05
1.1102230246251565e-16
87.33840905861672
135.52282106804563
58.2237252392035
40.719473389463275
45.36594127804358
76.27579452172681
83.00601900768159
77.39655085294292
1.1102230246251565e-16
29.90140664842576
100.49605339358018
111.83833133852879
134.13432110510794
72.58169578134152
49.80115539055815
76.27581490099114
42.072150545695315
94.30798985019028
59.91662691382304
14.072847233659736
35.468368583245116
22.227584670178633
31.433828763415672
1.1102230246251565e-16
49.579691428054204
31.433828763415672
153.27019325276302
129.2615044636419
90.99210081170548
80.11331439994288
81.36082580209398
49.57969083778716
104.8511147942835
166.16331081943423
150.07896607887184
101.02475913550377
42.07286217555556
0.0009520718916645625
37.01440059679005
53.46162925034244
1.1102230246251565e-16
80.17370647997599
63.46789731055809
81.81557367487821
48.41571954931926
49.80115539055816
59.91662691382302
64.10930453558927
19.95153227735957
107.14372863579925
49.80115539055815
89.88623300898739
126.5186035918024
151.1235409260461
121.6175805761075
87.63187878906247
97.6103347115426
85.6568007403168
82.58077243038286
134.4903505749718
111.31590148589905
65.90896883421013
77.89799072776945
1.9466842681870423e-05
56.07286869733456
72.23575589464468
91.42110741543335
100.96419065166842
57.8290378570069
57.82935294872974
72.30693738979537
106.86588673034053
49.58128569423131
22.229483618142318
19.953119137648944
59.752675139470576
72.30825811660559
68.87984500500707
31.436026257982682
51.55884722546747
60.56741929081391
29.903217482847186
19.953343111781
110.85015555284421
86.1892828084557
66.54703119773853
50.89470929731555
75.43450885662395
49.58221332292516
105.31306571803407
29.903217482847193
39.85303060680915
49.80294558146499
92.51189648038455
44.38847305982454
69.95740334744418
87.44881656938523
56.81902982186208
22.230000259437784
71.72486101457149
154.56302663508197
87.63693486001914
90.66687510561589
117.79512298245794
83.23358064194126
80.29334548957489
31.436104293486608
99.09942007218422
29.668725734362116
116.59462816326284
88.77095254803726
112.59365695721996
77.12929764072767
46.30732331855279
45.36874721861137
118.95644423589862
128.62228286427091
96.63497883200544
10.003519942916403
111.80640769473568
57.53609168452752
114.20994525130595
99.50017712279357
54.263073045988286
141.23782930365445
79.33918010567814
60.91478774472535
57.83230445283726
49.80375086255929
39.85387649149308
93.1684608322697
87.14577210533709
76.28039880119438
156.56103731604398
162.3227352386986
31.4370626389327
85.78314175529138
107.4743707569338
49.58335952344286
39.85393608159704
117.4518032459972
76.28056172349729
40.99238604060178
135.52991397715957
98.2270060193338
84.22980542394289
71.49045562887046
104.98198291447235
0.007154952440565851
19.955764807779794
0.00660769579934651
57.835148312234814
100.7960568297497
80.99063054447713
80.18418745390048
62.810550665943644
49.80780309706971
0.002291502467396511
137.10121076446757
83.79690761831034
96.03325766038995
53.956613152428446
32.874311415408535
130.56544191750214
103.45238768556598
157.2060913794992
66.55367184142207
72.0525687998861
111.81672104730339
31.442361560420025
113.14106818717127
67.02075806918286
77.4060394311896
122.93468577001104
76.10238281855777
98.39972094801675
91.08320133430425
46.31474434593423
109.9580663298835
104.32041591972511
115.63997676923492
49.807923772538146
92.85675925265411
19.95832238424558
101.14541488489688
29.90819675531177
46.315726388018454
2.220446049250313e-16
70.0824162154217
113.34320179312235
94.32044213421628
48.074957296492926
43.11617396730542
94.98624414549111
96.64557750024485
90.00845580347942
84.49615032813772
128.10274598259033
86.15192502947633
110.8154269478113
29.90819675531177
64.95902972014366
93.28659278622592
127.44206596950339
83.84528048450119
114.46689437791781
121.02384309003033
95.60526999258897
89.60744298170896
210.5059785976952
98.49926456535572
63.40091120940225
115.9585483657007
139.80417144878004
110.01221783532934
43.116179281523436
99.4592684969289
104.98865172970686
48.90135612712308
49.808141594642905
54.6945427548407
