0.004596710205078125
0.338547945022583
0.25890541076660156
0.27106547355651855
0.24854350090026855
0.2877194881439209
0.2114872932434082
0.26151108741760254
0.2573428153991699
0.2491602897644043
0.23316574096679688
0.2512397766113281
0.26665353775024414
0.2837965488433838
0.2480757236480713
0.26894283294677734
0.2385561466217041
0.24713754653930664
0.25536131858825684
0.28470587730407715
0.23351788520812988
0.2520620822906494
0.2392115592956543
0.2581155300140381
0.27213191986083984
0.233781099319458
0.2446610927581787
0.24112486839294434
0.3474154472351074
0.27019667625427246
0.28316593170166016
0.29166603088378906
0.2928159236907959
0.27907538414001465
0.2657454013824463
0.27320337295532227
0.267411470413208
0.35857534408569336
0.2660713195800781
0.2740049362182617
0.282271146774292
0.3108558654785156
0.2731151580810547
0.2650303840637207
0.24332308769226074
0.25870251655578613
0.23349976539611816
0.24720406532287598
0.24861884117126465
0.26012492179870605
0.25726795196533203
0.2971956729888916
0.2971034049987793
0.27072644233703613
0.23936200141906738
0.23235154151916504
0.23905563354492188
0.24893975257873535
0.25374770164489746
0.2329397201538086
0.26206183433532715
0.25316715240478516
0.26115965843200684
0.26285600662231445
0.2844882011413574
0.2359166145324707
0.25033116340637207
0.2464427947998047
0.24711036682128906
0.26497507095336914
0.26491856575012207
0.2509160041809082
0.25132250785827637
0.24027466773986816
0.24707508087158203
0.251354455947876
0.28125977516174316
0.24415969848632812
0.2563796043395996
0.2863750457763672
0.2550516128540039
0.2561533451080322
0.23897075653076172
0.2666785717010498
0.2394239902496338
0.23405075073242188
0.23822689056396484
0.23724102973937988
0.2387404441833496
0.24391722679138184
0.26592326164245605
0.23769259452819824
0.24124383926391602
0.28250741958618164
0.26059746742248535
0.27377843856811523
0.2599301338195801
0.2595334053039551
0.25780725479125977
0.27046680450439453
0.2343142032623291
0.311725378036499
0.2766740322113037
0.25041747093200684
0.24254560470581055
0.2341289520263672
0.2377605438232422
0.2792928218841553
0.25196218490600586
0.2875807285308838
0.2789497375488281
0.2756619453430176
0.27414917945861816
0.2501969337463379
0.25139331817626953
0.2428128719329834
0.2508673667907715
0.2621762752532959
0.2611048221588135
0.24718379974365234
0.27033472061157227
0.2505373954772949
0.29902029037475586
0.36174583435058594
0.3600273132324219
0.3291501998901367
0.31366562843322754
0.3401186466217041
0.3178670406341553
0.3172030448913574
0.34742021560668945
0.3089475631713867
0.40627408027648926
0.33341479301452637
0.306321382522583
0.29717111587524414
0.3407583236694336
0.39261698722839355
0.3099362850189209
0.316847562789917
0.2764432430267334
0.3303806781768799
0.36201930046081543
0.41106367111206055
0.36072301864624023
0.3020169734954834
0.3098330497741699
0.370194673538208
0.33733224868774414
0.351515531539917
0.5121939182281494
0.4089179039001465
0.38240933418273926
0.43855953216552734
0.4106440544128418
0.34166765213012695
0.3237795829772949
0.48914647102355957
0.4079153537750244
0.3805220127105713
0.3671691417694092
0.368088960647583
0.32289886474609375
0.38962411880493164
0.4260227680206299
0.3037533760070801
0.2915384769439697
0.2868924140930176
0.3227419853210449
0.29600048065185547
0.2929658889770508
0.32758331298828125
0.3128657341003418
0.2952289581298828
0.3060464859008789
0.3374927043914795
0.3146045207977295
0.33628296852111816
0.3212544918060303
0.3089115619659424
0.3212101459503174
0.300123929977417
0.33277344703674316
0.33418869972229004
0.2885136604309082
0.31999969482421875
0.3229060173034668
0.29383420944213867
0.3103327751159668
0.3614330291748047
0.3408780097961426
0.3972442150115967
0.3258974552154541
0.3320136070251465
0.32010865211486816
0.3243575096130371
0.32418179512023926
0.3313894271850586
0.29329562187194824
0.3159036636352539
0.3578364849090576
0.3118896484375
0.3154778480529785
0.2949340343475342
0.31868457794189453
0.32770442962646484
0.31311845779418945
0.3125152587890625
0.3082895278930664
0.3072061538696289
0.30176305770874023
0.30487871170043945
0.3142385482788086
0.3248741626739502
0.31768298149108887
0.31386232376098633
0.3194456100463867
0.30478692054748535
0.3301215171813965
0.28484582901000977
0.32587409019470215
0.32539939880371094
0.30001211166381836
0.31305742263793945
0.3231947422027588
0.2977442741394043
0.3142392635345459
0.29317235946655273
0.3055903911590576
0.33518171310424805
0.3222541809082031
0.3125884532928467
0.33238911628723145
0.3152289390563965
0.30787086486816406
0.30922412872314453
0.30312132835388184
0.29943323135375977
0.31841206550598145
0.3344588279724121
0.31572508811950684
0.32237792015075684
0.3146350383758545
0.43175268173217773
0.29662632942199707
0.33260250091552734
0.3147125244140625
0.3438386917114258
0.34036850929260254
0.3227841854095459
0.2891712188720703
0.3244435787200928
0.30191612243652344
0.3156118392944336
0.3152737617492676
0.34833526611328125
0.2993049621582031
0.3226749897003174
0.3039674758911133
0.2994976043701172
0.339827299118042
0.3345978260040283
0.32516026496887207
0.32486701011657715
0.39650464057922363
0.3435094356536865
0.30341100692749023
0.30379509925842285
0.3395071029663086
0.31590890884399414
0.3319873809814453
0.32500195503234863
0.30994272232055664
0.30507373809814453
0.309983491897583
0.3198366165161133
0.29016566276550293
0.310302734375
0.3285071849822998
0.3400082588195801
0.3354017734527588
0.30328869819641113
0.3156876564025879
0.31737375259399414
0.3423478603363037
0.34326958656311035
0.3526144027709961
0.300567626953125
0.3321340084075928
0.30632805824279785
0.32311558723449707
0.30634331703186035
0.32265496253967285
0.3084442615509033
0.2932722568511963
0.33869457244873047
0.34038805961608887
0.3168201446533203
0.3059804439544678
0.3105349540710449
0.39358043670654297
0.3352546691894531
0.3075907230377197
0.3015763759613037
0.3269965648651123
0.3442690372467041
0.31917524337768555
0.3286161422729492
0.3198845386505127
0.31786227226257324
0.3078622817993164
0.3103055953979492
0.2983832359313965
0.3253495693206787
0.31324052810668945
0.29644274711608887
0.3320469856262207
0.31291651725769043
0.36748290061950684
0.2983589172363281
0.3221299648284912
0.3066129684448242
0.2885622978210449
0.31677937507629395
0.30925512313842773
0.30362462997436523
0.32100796699523926
0.351879358291626
0.3289949893951416
0.32905054092407227
0.31504082679748535
0.31128430366516113
0.41924262046813965
0.32478761672973633
0.3147735595703125
0.308804988861084
0.30983424186706543
0.3264775276184082
0.32750558853149414
0.3324902057647705
0.32939958572387695
0.332517147064209
0.3211045265197754
0.28906941413879395
0.3047487735748291
0.3143320083618164
0.3371248245239258
0.298295259475708
0.33199548721313477
0.31206679344177246
0.3050038814544678
0.31295228004455566
0.315232515335083
0.3747086524963379
0.30024003982543945
0.2987174987792969
0.28568124771118164
0.4524106979370117
0.30622243881225586
0.2769582271575928
0.3844435214996338
0.39568614959716797
0.33219313621520996
0.30470824241638184
0.2934443950653076
0.29358363151550293
0.30841827392578125
0.2830202579498291
0.3426997661590576
0.3038194179534912
0.4637019634246826
0.5534670352935791
0.4651675224304199
0.3501129150390625
0.33909058570861816
0.33795762062072754
0.35355234146118164
0.3310508728027344
0.47185778617858887
0.35430192947387695
0.3588886260986328
0.3268585205078125
0.38717222213745117
0.36083006858825684
0.2947213649749756
0.29978203773498535
0.305692195892334
0.32050251960754395
0.31049275398254395
0.3756542205810547
0.4360158443450928
0.31464266777038574
0.2755246162414551
0.3352773189544678
0.3204519748687744
0.27283811569213867
0.3049941062927246
0.2886190414428711
0.29063892364501953
0.3511636257171631
0.3322873115539551
0.30980706214904785
0.2939767837524414
0.28406620025634766
0.30169153213500977
0.30143237113952637
0.2763943672180176
0.30969786643981934
0.3045384883880615
0.3031907081604004
0.2889745235443115
0.3054027557373047
0.2898578643798828
0.2831411361694336
0.26718568801879883
0.2757835388183594
0.2995779514312744
0.37571001052856445
0.3056657314300537
0.3731701374053955
0.28865623474121094
0.3039112091064453
0.29712772369384766
0.29716944694519043
0.31810688972473145
0.29984283447265625
0.29865455627441406
0.2873194217681885
0.3087742328643799
0.31166577339172363
0.2825298309326172
0.3306407928466797
0.32864832878112793
0.2994205951690674
0.2882721424102783
0.312716007232666
0.2915489673614502
0.36274290084838867
0.2968151569366455
0.3637375831604004
0.29207587242126465
0.2804889678955078
0.33043479919433594
0.30304956436157227
0.300764799118042
0.29315781593322754
0.3085639476776123
0.30504369735717773
0.30757975578308105
0.29496002197265625
0.29876184463500977
0.31972217559814453
0.2910499572753906
0.3187088966369629
0.30581021308898926
0.2896087169647217
0.2862684726715088
0.35300564765930176
0.3015861511230469
0.3141183853149414
0.36800193786621094
0.3044760227203369
0.3013935089111328
0.3040440082550049
0.30326056480407715
0.2991499900817871
0.3256070613861084
0.31469130516052246
0.30042052268981934
0.3133673667907715
0.2990117073059082
0.2860102653503418
0.2808864116668701
0.3486495018005371
0.3474845886230469
0.3470468521118164
0.3639984130859375
0.4246177673339844
0.36702942848205566
0.3284733295440674
0.31195688247680664
0.2517588138580322
0.3066129684448242
0.28017210960388184
0.29155421257019043
0.30757737159729004
0.30413055419921875
0.28017115592956543
0.32953500747680664
0.2834944725036621
0.3218719959259033
0.3139150142669678
0.3142883777618408
0.29093337059020996
0.295459508895874
0.3041238784790039
0.3285787105560303
0.298961877822876
0.2935812473297119
0.272646427154541
0.3241007328033447
0.3129596710205078
0.3013453483581543
0.2920644283294678
0.28067851066589355
0.3337547779083252
0.27649378776550293
0.2812819480895996
0.30684757232666016
0.27461838722229004
0.30917930603027344
0.27668070793151855
0.3039214611053467
0.3131065368652344
0.285003662109375
0.3792870044708252
